   w1    x    y    z   w0
 -184    3   -6   -4 -170
  448    9   13    2 -170
 -244   12   -3   -6 -170
  456   11  -14    6 -170

idx: 1
   w1    x    y   w0    z
 -146    5    5  -48   -7
 2287   16    7   60    5
 -368   -4    2 -129  -16
 -487   -1   10 -111  -14

idx: 2
   w0   w1    x    y    z
 -107 -344   -9  -11   11
 -137 -462  -10  -14    0
  -17 -468  -10   -2   -3
  223 -316    7   22    4

idx: 3
   w0   w1    x    y    z
 -137  502  -11   13   -3
  -35  248    6    0   -3
 -155  744  -14    0    6
  -17  633    9    2   -6

idx: 4
   w1    x    y   w0    z
  -15   -7    3 -145    8
   85   18   -5 -271  -10
   25    3    8 -145    8
    1   -3    7 -103   14

idx: 5
   w0   w1    x    z    y
   28  -20    4    0  -12
    0 3312    0  -24   -3
   49  244    7    2   -4
  -42 4794   -6  -28    3

idx: 6
    x   w0   w1    y    z
    0  300 -450   -6   -5
  -21 -800 -490    8  -10
    5  600 -506   -5  -12
   16 -260 -426   13   -2

idx: 7
   w0   w1    x    y    z
  644  204   23   -9   -2
 -233 -169  -15   -2   -6
  870  157   16   14    2
  -78  -93   -8    4    4

idx: 8
   w0   w1    x    y    z
  118  -94   14   -9   -2
   -6   64   -2    8    0
    6 -122    1   -7   -6
   42   -8    2  -12    8

idx: 9
   w0   w1    x    y    z
 -150 -178   19   -2   -5
 -127 -300   -8    0   10
 -189 -424  -17    1    1
 -122 -254   -1    1    8

idx: 10
   w0    x    y    z   w1
   13    1    1  -17   11
  -29   -6    6    9   11
 -113  -20    6    5   11
   31    4    4   14   11

idx: 11
   w0   w1    x    y    z
    7 -409    0    0  -19
   40 -419   -2    3   -6
  112 -459  -10   -3   15
  507 -409    0   10   11

idx: 12
   w0   w1    x    y    z
 -195 1056  -13  -21  -17
 -156 3610  -21  -11   -4
 -135 -333    2  -14    3
 -159 -121    4    1   -5

idx: 13
   w0   w1    x    z    y
 -492   81   -3   -2   -7
 -557  324   -6   -9    6
 -487    9    1   -9    8
 -452  441    7  -14   -6

idx: 14
   w1    x    y   w0    z
  770   28   14   -8  -15
    2    4   -5   11    4
  427   21    2   14    7
  130   12    3   16    9

idx: 15
   w1    x   w0    y    z
  -63   10   -7    5  -10
 -193   -3  415   11  -14
  -83    8 -332    0   -5
 -103    6 -433  -21    6

idx: 16
   w0   w1    x    y    z
  101 1944   27   18    5
  -28 -640  -16   10   -4
   50    0   10    0    0
   20    0    0    1   23

idx: 17
   w0   w1    x    y    z
 -631  106   11   -9    0
 -243  442    1  -21   12
    3   62    1   20    7
   35   -8    8    2    0

idx: 18
